114.1577,30.4619
114.1577,30.4624
114.1577,30.4625
114.1577,30.4627
114.1577,30.4628
114.1577,30.4629
114.1577,30.463
114.1577,30.4631
114.1577,30.4632
114.1577,30.4633
114.1577,30.4634
114.1577,30.4635
114.1577,30.4636
114.1577,30.4637
114.1577,30.4638
114.1577,30.464
114.1577,30.4643
114.1577,30.4653
114.1577,30.4657
114.1577,30.4658
114.1577,30.4659
114.1577,30.466
114.1577,30.4662
114.1577,30.4664
114.1577,30.4666
114.1577,30.4668
114.1577,30.4669
114.1577,30.467
114.1577,30.4672
114.1577,30.4674
114.1577,30.4676
114.1577,30.4678
114.1577,30.468
114.1577,30.4683
114.1577,30.4685
114.1577,30.4686
114.1577,30.4687
114.1577,30.4689
114.1577,30.4693
114.1577,30.4696
114.1577,30.4697
114.1577,30.4699
114.1577,30.47
114.1577,30.4701
114.1577,30.4702
114.1577,30.4703
114.1577,30.4704
114.1577,30.4705
114.1577,30.4706
114.1577,30.4707
114.1577,30.4708
114.1577,30.471
114.1577,30.4711
114.1577,30.4713
114.1577,30.4714
114.1577,30.4716
114.1577,30.4718
114.1577,30.4719
114.1577,30.4721
114.1577,30.4722
114.1577,30.4723
114.1577,30.4724
114.1577,30.4725
114.1577,30.4727
114.1577,30.4728
114.1577,30.4729
114.1577,30.4731
114.1577,30.4732
114.1577,30.4734
114.1577,30.4735
114.1577,30.4736
114.1577,30.4737
114.1577,30.4738
114.1577,30.4741
114.1577,30.4742
114.1577,30.4743
114.1577,30.4744
114.1577,30.4745
114.1577,30.4746
114.1577,30.4747
114.1577,30.4748
114.1577,30.4749
114.1577,30.475
114.1577,30.4751
114.1577,30.4752
114.1577,30.4753
114.1577,30.4754
114.1577,30.4756
114.1577,30.4757
114.1577,30.4759
114.1577,30.476
114.1577,30.4762
114.1577,30.4763
114.1577,30.4764
114.1577,30.4765
114.1577,30.4767
114.1577,30.4768
114.1577,30.4769
114.1577,30.477
114.1577,30.4771
114.1577,30.4772
114.1577,30.4773
114.1577,30.4775
114.1577,30.4776
114.1577,30.4777
114.1577,30.4779
114.1577,30.478
114.1577,30.4785
114.1577,30.4787
114.1577,30.4788
114.1577,30.4789
114.1577,30.479
114.1577,30.4791
114.1577,30.4792
114.1577,30.4793
114.1577,30.4794
114.1577,30.4797
114.1577,30.4802
114.1577,30.4807
114.1577,30.4809
114.1577,30.4811
114.1577,30.4813
114.1577,30.4814
114.1577,30.4815
114.1577,30.4816
114.1577,30.4817
114.1577,30.4818
114.1577,30.4819
114.1577,30.482
114.1577,30.4821
114.1577,30.4822
114.1577,30.4823
114.1577,30.4824
114.1577,30.4825
114.1577,30.4827
114.1577,30.4828
114.1577,30.4829
114.1577,30.483
114.1577,30.4831
114.1577,30.4832
114.1577,30.4833
114.1577,30.4835
114.1577,30.4836
114.1577,30.4837
114.1577,30.4838
114.1577,30.4839
114.1577,30.484
114.1577,30.4841
114.1577,30.4842
114.1577,30.4843
114.1577,30.4844
114.1577,30.4845
114.1577,30.4846
114.1577,30.4847
114.1577,30.4848
114.1577,30.4849
114.1577,30.4851
114.1577,30.4856
114.1577,30.4857
114.1577,30.4859
114.1577,30.4861
114.1577,30.4862
114.1577,30.4863
114.1577,30.4864
114.1577,30.4865
114.1577,30.4867
114.1577,30.4871
114.1577,30.4872
114.1577,30.4873
114.1577,30.4874
114.1577,30.4876
114.1577,30.4877
114.1577,30.4879
114.1577,30.488
114.1577,30.4881
114.1577,30.4882
114.1577,30.4883
114.1577,30.4884
114.1577,30.4886
114.1577,30.4887
114.1577,30.4888
114.1577,30.4889
114.1577,30.489
114.1577,30.4892
114.1577,30.4893
114.1577,30.4894
114.1577,30.4895
114.1577,30.4896
114.1577,30.4897
114.1577,30.4898
114.1577,30.4899
114.1577,30.49
114.1577,30.4901
114.1577,30.4903
114.1577,30.4905
114.1577,30.4906
114.1577,30.4907
114.1577,30.4908
114.1577,30.4909
114.1577,30.491
114.1577,30.4911
114.1577,30.4912
114.1577,30.4913
114.1577,30.4915
114.1577,30.4916
114.1577,30.4917
114.1577,30.4918
114.1577,30.4919
114.1577,30.492
114.1577,30.4921
114.1577,30.4922
114.1577,30.4923
114.1577,30.4925
114.1577,30.4926
114.1577,30.4932
114.1577,30.4933
114.1577,30.4936
114.1577,30.494
114.1577,30.4943
114.1577,30.4944
114.1577,30.4946
114.1577,30.4947
114.1577,30.4949
114.1577,30.4952
114.1577,30.4953
114.1577,30.4954
114.1577,30.4957
114.1577,30.4958
114.1577,30.496
114.1577,30.4961
114.1577,30.4964
114.1577,30.4965
114.1577,30.4968
114.1577,30.4969
114.1577,30.497
114.1577,30.4971
114.1577,30.4972
114.1577,30.4973
114.1577,30.4974
114.1577,30.4975
114.1577,30.4977
114.1577,30.4979
114.1577,30.498
114.1577,30.4981
114.1577,30.4982
114.1577,30.4984
114.1577,30.4985
114.1577,30.4986
114.1577,30.4988
114.1577,30.4989
114.1577,30.499
114.1577,30.4992
114.1577,30.4993
114.1577,30.4994
114.1577,30.4995
114.1577,30.4996
114.1577,30.4998
114.1577,30.4999
114.1577,30.5
114.1577,30.5001
114.1577,30.5002
114.1577,30.5003
114.1577,30.5004
114.1577,30.5005
114.1577,30.5006
114.1577,30.5007
114.1577,30.5008
114.1577,30.5009
114.1577,30.501
114.1577,30.5011
114.1577,30.5012
114.1577,30.5013
114.1577,30.5014
114.1577,30.5015
114.1577,30.5018
114.1577,30.5019
114.1577,30.502
114.1577,30.5021
114.1577,30.5023
114.1577,30.5024
114.1577,30.5028
114.1577,30.5029
114.1577,30.503
114.1577,30.5031
114.1577,30.5032
114.1577,30.5033
114.1577,30.5034
114.1577,30.5035
114.1577,30.5036
114.1577,30.5037
114.1577,30.5038
114.1577,30.5039
114.1577,30.504
114.1577,30.5041
114.1577,30.5042
114.1577,30.5043
114.1577,30.5045
114.1577,30.5047
114.1577,30.5049
114.1577,30.505
114.1577,30.5051
114.1577,30.5053
114.1577,30.5055
114.1577,30.5056
114.1577,30.5058
114.1577,30.5059
114.1577,30.506
114.1577,30.5061
114.1577,30.5062
114.1577,30.5063
114.1577,30.5065
114.1577,30.5067
114.1577,30.5068
114.1577,30.5069
114.1577,30.5071
114.1577,30.5075
114.1577,30.5076
114.1577,30.5079
114.1577,30.508
114.1577,30.5081
114.1577,30.5082
114.1577,30.5083
114.1577,30.5084
114.1577,30.5085
114.1577,30.5086
114.1577,30.5087
114.1577,30.5088
114.1577,30.5089
114.1577,30.5091
114.1577,30.5092
114.1577,30.5093
114.1577,30.5094
114.1577,30.5095
114.1577,30.5096
114.1577,30.5097
114.1577,30.5098
114.1577,30.51
114.1577,30.5101
114.1577,30.5102
114.1577,30.5103
114.1577,30.5104
114.1577,30.5105
114.1577,30.5106
114.1577,30.5107
114.1577,30.5108
114.1577,30.5109
114.1577,30.511
114.1577,30.5111
114.1577,30.5112
114.1577,30.5113
114.1577,30.5114
114.1577,30.5115
114.1577,30.5116
114.1577,30.5117
114.1577,30.5118
114.1577,30.5119
114.1577,30.512
114.1577,30.5121
114.1577,30.5122
114.1577,30.5123
114.1577,30.5125
114.1577,30.5127
114.1577,30.5128
114.1577,30.5131
114.1577,30.5132
114.1577,30.5133
114.1577,30.5134
114.1577,30.5137
114.1577,30.5139
114.1577,30.5141
114.1577,30.5143
114.1577,30.5144
114.1577,30.5146
114.1577,30.5147
114.1577,30.5148
114.1577,30.5149
114.1577,30.515
114.1577,30.5151
114.1577,30.5152
114.1577,30.5153
114.1577,30.5155
114.1577,30.5156
114.1577,30.5157
114.1577,30.5158
114.1577,30.5159
114.1577,30.5161
114.1577,30.5162
114.1577,30.5163
114.1577,30.5164
114.1577,30.5165
114.1577,30.5167
114.1577,30.5168
114.1577,30.5169
114.1577,30.517
114.1577,30.5171
114.1577,30.5172
114.1577,30.5173
114.1577,30.5176
114.1577,30.5177
114.1577,30.5179
114.1577,30.518
114.1577,30.5181
114.1577,30.5187
114.1577,30.5188
114.1577,30.5189
114.1577,30.519
114.1577,30.5191
114.1577,30.5192
114.1577,30.5193
114.1577,30.5194
114.1577,30.5195
114.1577,30.5196
114.1577,30.5198
114.1577,30.5199
114.1577,30.52
114.1577,30.5201
114.1577,30.5203
114.1577,30.5205
114.1577,30.5206
114.1577,30.5207
114.1577,30.5217
114.1577,30.5219
114.1577,30.5224
114.1577,30.5225
114.1577,30.5227
114.1577,30.5228
114.1577,30.5229
114.1577,30.523
114.1577,30.5231
114.1577,30.5232
114.1577,30.5233
114.1577,30.5234
114.1577,30.5236
114.1577,30.5237
114.1577,30.5238
114.1577,30.5239
114.1577,30.524
114.1577,30.5242
114.1577,30.5243
114.1577,30.5244
114.1577,30.5245
114.1577,30.5246
114.1577,30.5247
114.1577,30.5248
114.1577,30.5253
114.1577,30.5254
114.1577,30.5255
114.1577,30.5256
114.1577,30.5258
114.1577,30.5259
114.1577,30.526
114.1577,30.5261
114.1577,30.5263
114.1577,30.5264
114.1577,30.5278
114.1577,30.5279
114.1577,30.528
114.1577,30.5282
114.1577,30.5283
114.1577,30.5284
114.1577,30.5286
114.1577,30.5291
114.1577,30.5292
114.1577,30.5295
114.1577,30.5296
114.1577,30.5299
114.1577,30.53
114.1577,30.5622
114.1577,30.5623
114.1577,30.5625
114.1577,30.563
114.1577,30.5634
114.1577,30.5636
114.1577,30.5637
114.1577,30.5638
114.1577,30.5639
114.1577,30.5641
114.1577,30.5644
114.1577,30.5646
114.1577,30.5648
114.1577,30.565
114.1577,30.5651
114.1577,30.5652
114.1577,30.5658
114.1577,30.5688
114.1577,30.569
114.1577,30.5692
114.1577,30.5704
114.1577,30.5789
114.1577,30.579
114.1577,30.5791
114.1577,30.5792
114.1577,30.5793
114.1577,30.5795
114.1577,30.5802
114.1577,30.5803
114.1577,30.5804
114.1577,30.5807
114.1577,30.5808
114.1577,30.5809
114.1577,30.5811
114.1577,30.5813
114.1577,30.5814
114.1577,30.5815
114.1577,30.5816
114.1577,30.5817
114.1577,30.5819
114.1577,30.582
114.1577,30.5821
114.1577,30.5822
114.1577,30.5824
114.1577,30.5827
114.1577,30.5828
114.1577,30.5829
114.1577,30.583
114.1577,30.5831
114.1577,30.5832
114.1577,30.5835
114.1577,30.5836
114.1577,30.5838
114.1577,30.5839
114.1577,30.584
114.1577,30.5841
114.1577,30.5842
114.1577,30.5843
114.1577,30.5844
114.1577,30.5845
114.1577,30.5847
114.1577,30.5848
114.1577,30.585
114.1577,30.5851
114.1577,30.5852
114.1577,30.5853
114.1577,30.5854
114.1577,30.5855
114.1577,30.5856
114.1577,30.5857
114.1577,30.5861
114.1577,30.5863
114.1577,30.5864
114.1577,30.5868
114.1577,30.5869
114.1577,30.587
114.1577,30.5871
114.1577,30.5872
114.1577,30.5874
114.1577,30.5875
114.1577,30.5876
114.1577,30.5878
114.1577,30.5879
114.1577,30.5881
114.1577,30.5883
114.1577,30.5884
114.1577,30.5885
114.1577,30.5886
114.1577,30.5888
114.1577,30.5889
114.1577,30.589
114.1577,30.5891
114.1577,30.5893
114.1577,30.5895
114.1577,30.5896
114.1577,30.5897
114.1577,30.5898
114.1577,30.5899
114.1577,30.59
114.1577,30.5902
114.1577,30.5903
114.1577,30.5904
114.1577,30.5905
114.1577,30.5907
114.1577,30.5908
114.1577,30.5909
114.1577,30.591
114.1577,30.5914
114.1577,30.5915
114.1577,30.5916
114.1577,30.5917
114.1577,30.5918
114.1577,30.592
114.1577,30.5921
114.1577,30.5922
114.1577,30.5923
114.1577,30.5925
114.1577,30.5926
114.1577,30.5927
114.1577,30.5929
114.1577,30.5931
114.1577,30.5932
114.1577,30.5933
114.1577,30.5934
114.1577,30.5935
114.1577,30.5936
114.1577,30.5937
114.1577,30.5938
114.1577,30.5939
114.1577,30.594
114.1577,30.5941
114.1577,30.5942
114.1577,30.5943
114.1577,30.5946
114.1577,30.595
114.1577,30.5952
114.1577,30.5953
114.1577,30.5954
114.1577,30.5955
114.1577,30.5956
114.1577,30.5957
114.1577,30.5959
114.1577,30.596
114.1577,30.5961
114.1577,30.5964
114.1577,30.5965
114.1577,30.5967
114.1577,30.5968
114.1577,30.597
114.1577,30.5971
114.1577,30.5972
114.1577,30.5973
114.1577,30.5974
114.1577,30.5977
114.1577,30.5978
114.1577,30.5979
114.1577,30.598
114.1577,30.5981
114.1577,30.6002
114.1577,30.6003
114.1577,30.6004
114.1577,30.6006
114.1577,30.6007
114.1577,30.6008
114.1577,30.6009
114.1577,30.601
114.1577,30.6011
114.1577,30.6013
114.1577,30.6014
114.1577,30.6015
114.1577,30.6016
114.1577,30.6017
114.1577,30.6018
114.1577,30.6019
114.1577,30.602
114.1577,30.6021
114.1577,30.6022
114.1577,30.6023
114.1577,30.6024
114.1577,30.6025
114.1577,30.6027
114.1577,30.6028
114.1577,30.6029
114.1577,30.603
114.1577,30.6031
114.1577,30.6032
114.1577,30.6034
114.1577,30.6035
114.1577,30.6036
114.1577,30.6037
114.1577,30.6038
114.1577,30.6039
114.1577,30.604
114.1577,30.6041
114.1577,30.6042
114.1577,30.6043
114.1577,30.6044
114.1577,30.6045
114.1577,30.6046
114.1577,30.6047
114.1577,30.6048
114.1577,30.6049
114.1577,30.605
114.1577,30.6051
114.1577,30.6052
114.1577,30.6053
114.1577,30.6054
114.1577,30.6056
114.1577,30.6057
114.1577,30.6058
114.1577,30.6059
114.1577,30.606
114.1577,30.6061
114.1577,30.6062
114.1577,30.6063
114.1577,30.6064
114.1577,30.6065
114.1577,30.6066
114.1577,30.6069
114.1577,30.6073
114.1577,30.6075
114.1577,30.6076
114.1577,30.6081
114.1577,30.6084
114.1577,30.6126
114.1577,30.6127
114.1577,30.6136
114.1577,30.6138
114.1577,30.6139
114.1577,30.614
114.1577,30.6141
114.1577,30.6142
114.1577,30.6143
114.1577,30.6144
114.1577,30.6145
114.1577,30.6146
114.1577,30.6147
114.1577,30.6148
114.1577,30.6149
114.1577,30.615
114.1577,30.6151
114.1577,30.6152
114.1577,30.6154
114.1577,30.6156
114.1577,30.6157
114.1577,30.6158
114.1577,30.6159
114.1577,30.616
114.1577,30.6161
114.1577,30.6162
114.1577,30.6163
114.1577,30.6164
114.1577,30.6165
114.1577,30.6167
114.1577,30.6169
114.1577,30.617
114.1577,30.6171
114.1577,30.6172
114.1577,30.6175
114.1577,30.6178
114.1577,30.6179
114.1577,30.6182
114.1577,30.6183
114.1577,30.6184
114.1577,30.6185
114.1577,30.6186
114.1577,30.6187
114.1577,30.6188
114.1577,30.6189
114.1577,30.619
114.1577,30.6193
114.1577,30.6194
114.1577,30.6195
114.1577,30.6196
114.1577,30.6197
114.1577,30.6198
114.1577,30.6199
114.1577,30.62
114.1577,30.6204
114.1577,30.6209
114.1577,30.621
114.1577,30.6211
114.1577,30.6212
114.1577,30.6213
114.1577,30.6218
114.1577,30.6219
114.1577,30.622
114.1577,30.6223
114.1577,30.6224
114.1577,30.6225
114.1577,30.6226
114.1577,30.6229
114.1577,30.623
114.1577,30.6231
114.1577,30.6232
114.1577,30.6233
114.1577,30.6234
114.1577,30.6235
114.1577,30.6236
114.1577,30.624
114.1577,30.6241
114.1577,30.6242
114.1577,30.6244
114.1577,30.6245
114.1577,30.625
114.1577,30.6251
114.1577,30.6252
114.1577,30.6253
114.1577,30.6255
114.1577,30.6256
114.1577,30.6257
114.1577,30.6258
114.1577,30.6259
114.1577,30.626
114.1577,30.6262
114.1577,30.6263
114.1577,30.6264
114.1577,30.6265
114.1577,30.6266
114.1577,30.6267
114.1577,30.6268
114.1577,30.6269
114.1577,30.627
114.1577,30.6271
114.1577,30.6272
114.1577,30.6273
114.1577,30.6275
114.1577,30.6276
114.1577,30.6277
114.1577,30.6278
114.1577,30.628
114.1577,30.6286
114.1577,30.6289
114.1577,30.629
114.1577,30.6292
114.1577,30.6295
114.1577,30.6296
114.1577,30.6298
114.1577,30.63
114.1577,30.6301
114.1577,30.6302
114.1577,30.6303
114.1577,30.6304
114.1577,30.6306
114.1577,30.6308
114.1577,30.6309
114.1577,30.631
114.1577,30.6311
114.1577,30.6312
114.1577,30.6313
114.1577,30.6315
114.1577,30.6316
114.1577,30.6317
114.1577,30.6318
114.1577,30.6319
114.1577,30.6329
114.1577,30.633
114.1577,30.6331
114.1577,30.6332
114.1577,30.6333
114.1577,30.6335
114.1577,30.6337
114.1577,30.6339
114.1577,30.634
114.1577,30.6341
114.1577,30.6342
114.1577,30.6343
114.1577,30.6344
114.1577,30.6346
114.1577,30.6353
114.1577,30.6358
114.1577,30.6359
114.1577,30.636
114.1577,30.6362
114.1577,30.6363
114.1577,30.6364
114.1577,30.6365
114.1577,30.6366
114.1577,30.6367
114.1577,30.6368
114.1577,30.6369
114.1577,30.637
114.1577,30.6371
114.1577,30.6372
114.1577,30.6373
114.1577,30.6374
114.1577,30.6375
114.1577,30.6377
114.1577,30.6378
114.1577,30.638
114.1577,30.6381
114.1577,30.6387
114.1577,30.6388
114.1577,30.6391
114.1577,30.6395
114.1577,30.6397
114.1577,30.6398
114.1577,30.6399
114.1577,30.6401
114.1577,30.6403
114.1577,30.6405
114.1577,30.6406
114.1577,30.641
114.1577,30.6412
114.1577,30.6414
114.1577,30.6415
114.1577,30.6416
114.1577,30.6417
114.1577,30.6419
114.1577,30.642
114.1577,30.6421
114.1577,30.6422
114.1577,30.6423
114.1577,30.6425
114.1577,30.6426
114.1577,30.6427
114.1577,30.6428
114.1577,30.6429
114.1577,30.6432
114.1577,30.6433
114.1577,30.6434
114.1577,30.6437
114.1577,30.6438
114.1577,30.6439
114.1577,30.6441
114.1577,30.6444
114.1577,30.6449
114.1577,30.6453
114.1577,30.6454
114.1577,30.6459
114.1577,30.6463
114.1577,30.6464
114.1577,30.6465
114.1577,30.6466
114.1577,30.6467
114.1577,30.6468
114.1577,30.6469
114.1577,30.647
114.1577,30.6471
114.1577,30.6472
114.1577,30.6473
114.1577,30.6475
114.1577,30.6476
114.1577,30.6477
114.1577,30.6478
114.1577,30.6479
114.1577,30.648
114.1577,30.6481
114.1577,30.6482
114.1577,30.6484
114.1577,30.6486
114.1577,30.6487
114.1577,30.6488
114.1577,30.6489
114.1577,30.649
114.1577,30.6492
114.1577,30.6493
114.1577,30.6495
114.1577,30.6497
114.1577,30.6499
114.1577,30.6504
114.1577,30.6505
114.1577,30.6506
114.1577,30.6507
114.1577,30.651
114.1577,30.6511
114.1577,30.6514
114.1577,30.6515
114.1577,30.6517
114.1577,30.6518
114.1577,30.6519
114.1577,30.652
114.1577,30.6521
114.1577,30.6522
114.1577,30.6523
114.1577,30.6524
114.1577,30.6527
114.1577,30.6528
114.1577,30.6529
114.1577,30.653
114.1577,30.6531
114.1577,30.6532
114.1577,30.6533
114.1577,30.6534
114.1577,30.6535
114.1577,30.6536
114.1577,30.6537
114.1577,30.6538
114.1577,30.6539
114.1577,30.654
114.1577,30.6541
114.1577,30.6543
114.1577,30.6544
114.1577,30.6545
114.1577,30.6546
114.1577,30.6548
114.1577,30.6549
114.1577,30.655
114.1577,30.6552
114.1577,30.6553
114.1577,30.6554
114.1577,30.6555
114.1577,30.6556
114.1577,30.6557
114.1577,30.6558
114.1577,30.6559
114.1577,30.656
114.1577,30.6561
114.1577,30.6562
114.1577,30.6563
114.1577,30.6564
114.1577,30.6565
114.1577,30.6567
114.1577,30.6568
114.1577,30.6569
114.1577,30.657
114.1577,30.6571
114.1577,30.6572
114.1577,30.6573
114.1577,30.6574
114.1577,30.6575
114.1577,30.6576
114.1577,30.6577
114.1577,30.6578
114.1577,30.6579
114.1577,30.658
114.1577,30.6581
114.1577,30.6582
114.1577,30.6583
114.1577,30.6584
114.1577,30.6585
114.1577,30.6586
114.1577,30.6587
114.1577,30.6588
114.1577,30.6589
114.1577,30.659
114.1577,30.6592
114.1577,30.6593
114.1577,30.6594
114.1577,30.6595
114.1577,30.6596
114.1577,30.6597
114.1577,30.6599
114.1577,30.6601
114.1577,30.6602
114.1577,30.6603
114.1577,30.6604
114.1577,30.6605
114.1577,30.6606
114.1577,30.6607
114.1577,30.6608
114.1577,30.6609
114.1577,30.661
114.1577,30.6611
114.1577,30.6612
114.1577,30.6613
114.1577,30.6614
114.1577,30.6615
114.1577,30.6616
114.1577,30.6617
114.1577,30.6618
114.1577,30.6619
114.1577,30.662
114.1577,30.6621
114.1577,30.6622
114.1577,30.6623
114.1577,30.6625
114.1577,30.6626
114.1577,30.6627
114.1577,30.6628
114.1577,30.6629
114.1577,30.6631
114.1577,30.6632
114.1577,30.6634
114.1577,30.6635
114.1577,30.6637
114.1577,30.6638
114.1577,30.6639
114.1577,30.664
114.1577,30.6641
114.1577,30.6642
114.1577,30.6643
114.1577,30.6644
114.1577,30.6645
114.1577,30.6646
114.1577,30.6647
114.1577,30.6648
114.1577,30.6649
114.1577,30.665
114.1577,30.6651
114.1577,30.6652
114.1577,30.6653
114.1577,30.6654
114.1577,30.6655
114.1577,30.6656
114.1577,30.6657
114.1577,30.6658
114.1577,30.6659
114.1577,30.666
114.1577,30.6661
114.1577,30.6662
114.1577,30.6663
114.1577,30.6664
114.1577,30.6665
114.1577,30.6666
114.1577,30.6667
114.1577,30.6668
114.1577,30.6669
114.1577,30.667
114.1577,30.6776
114.1577,30.6791
114.1577,30.6793
114.1577,30.6795
114.1577,30.6796
114.1577,30.6798
114.1577,30.6799
114.1577,30.68
114.1577,30.6801
114.1577,30.6803
114.1577,30.6804
114.1577,30.6805
114.1577,30.6806
114.1577,30.6815
114.1577,30.6816
114.1577,30.6817
114.1577,30.6819
114.1577,30.682
114.1577,30.6821
114.1577,30.6823
114.1577,30.6824
114.1577,30.6825
114.1577,30.6828
114.1577,30.6829
114.1577,30.683
114.1577,30.6834
114.1577,30.6937
114.1577,30.6938
114.1577,30.6943
114.1577,30.6944
114.1577,30.6947
114.1577,30.6948
114.1577,30.6949
114.1577,30.695
114.1577,30.6954
114.1577,30.6955
114.1577,30.6957
114.1577,30.6958
114.1577,30.6959
114.1577,30.6961
114.1577,30.6963
114.1577,30.6964
114.1577,30.6966
114.1577,30.6967
114.1577,30.6968
114.1577,30.697
114.1577,30.6971
114.1577,30.6993
114.1577,30.6995
114.1577,30.6996
114.1577,30.7
